100(27)
	1 3 6 7 10 12 20 22 25 26 29 31 35 62 66 68 71 72 75 77 85 87 90 91 94 96 100
	1 5 7 10 11 14 16 24 26 29 30 33 35 39 66 70 72 75 76 79 81 89 91 94 95 98 100

101(27)
	1 2 4 8 9 11 19 22 23 26 28 31 32 46 65 67 68 72 74 75 86 87 92 93 95 96 101
	1 3 4 8 9 11 20 22 23 27 28 30 44 63 67 69 72 73 76 78 86 88 91 92 95 97 101

102(27)
	1 4 5 8 10 14 21 22 25 26 33 35 57 59 63 68 71 72 75 80 84 86 90 95 98 99 102
	1 4 5 8 13 17 19 23 28 31 32 35 40 44 46 68 70 77 78 81 82 89 93 95 98 99 102

103(27)
	1 2 4 8 9 13 19 23 26 28 31 32 35 40 46 65 74 75 77 81 82 86 93 94 96 101 103
	1 3 4 8 9 11 22 23 25 29 31 32 34 44 68 70 71 75 76 78 90 91 93 94 99 100 103

104(28)
	1 5 7 10 11 14 16 24 26 29 30 33 35 39 66 70 72 75 76 79 81 89 91 94 95 98 100 104

105(28)
	2 6 8 11 12 15 17 25 27 30 31 34 36 40 67 71 73 76 77 80 82 90 92 95 96 99 101 105

107(28)
	1 2 5 6 13 15 19 26 27 30 31 38 40 62 64 68 73 76 77 80 85 89 91 95 100 103 104 107
	1 2 5 6 13 17 19 26 27 30 31 38 40 44 64 68 73 76 77 80 85 89 91 95 100 103 104 107

108(28)
	1 3 6 7 10 12 20 22 25 26 29 31 35 66 68 71 72 75 77 81 89 93 95 98 99 102 104 108
	1 3 6 7 10 12 24 25 28 30 33 34 37 39 70 74 76 79 80 83 85 93 95 98 99 102 104 108

109(28)
	1 2 4 8 10 11 13 17 28 29 31 36 37 40 65 74 75 77 82 84 88 95 97 98 100 104 107 109
	1 2 4 8 9 13 21 23 26 27 30 32 36 67 69 72 73 76 78 82 90 94 96 99 100 103 105 109

110(28)
	1 2 4 5 11 13 19 23 28 29 31 32 38 40 46 70 77 80 82 85 86 89 97 99 103 104 106 110
	1 2 4 5 11 13 19 26 28 29 31 35 38 40 46 70 77 80 82 85 86 89 97 99 103 104 106 110

111(29)
	1 2 5 6 13 15 19 26 27 30 31 38 42 44 66 68 72 77 80 81 84 89 93 95 99 104 107 108 111
	1 2 6 9 13 15 19 26 27 30 31 38 42 44 66 68 72 77 80 81 84 89 93 95 99 104 107 108 111

112(29)
	2 3 6 7 14 16 20 27 28 31 32 39 43 45 67 69 73 78 81 82 85 90 94 96 100 105 108 109 112
	2 3 6 7 14 18 20 27 28 31 32 39 43 45 67 69 73 78 81 82 85 90 94 96 100 105 108 109 112

113(29)
	1 2 4 5 10 11 13 26 27 29 30 35 36 38 64 73 76 77 80 85 86 89 91 100 103 104 107 112 113
	1 2 4 5 10 11 13 26 27 29 30 35 36 38 64 73 76 77 80 85 86 89 100 103 104 107 109 112 113

114(30)
	1 2 4 9 12 13 18 19 28 30 31 33 40 45 46 69 70 75 82 84 85 87 96 97 102 103 106 111 113 114

115(30)
	1 2 5 6 13 17 19 23 30 31 34 35 42 46 48 70 72 76 81 84 85 88 93 97 99 103 108 111 112 115

116(30)
	2 3 6 7 14 18 20 24 31 32 35 36 43 47 49 71 73 77 82 85 86 89 94 98 100 104 109 112 113 116

121(31)
	1 2 4 5 10 11 13 14 28 29 31 32 37 38 40 41 82 83 85 86 91 92 94 95 109 110 112 113 118 119 121

122(32)
	1 2 4 5 10 11 13 14 28 29 31 32 37 38 40 41 82 83 85 86 91 92 94 95 109 110 112 113 118 119 121 122

